12
21
7
2
0.043201263	0.03875475	0.043784848	0.044677273	0.04351452	0.041348583	0.043314646	0.047399495	0.046124747	0.046189394	0.04797298	0.049187879	0.04774154	0.049160606	0.048153535	0.048429167	0.046667929	0.045842424	0.046662626	0.046988384	0.04351452
																				
0.019750315	0.019750315	0.019750315	0.019750315	0.019750315	0.019750315	0.019750315	0.019750315	0.019750315	0.019750315	0.019750315	0.019750315	0.019750315	0.019750315	0.019750315	0.019750315	0.019750315	0.019750315	0.019750315	0.019750315	0.019750315
																				
3000	3000	3000	3000	3000	3000	3000	3000	3000	3000	3000	3000	3000	3000	3000	3000	3000	3000	3000	3000	3000
																				
60	60	60	60	60	60	60	60	60	60	60	60	60	60	60	60	60	60	60	60	60
																				
1.939517495	0.679553352	1.246931084	0.133998068	0.953399049	1.196460814	0.850140137	1	1	0.357244007	1.006918336	0.185000588	0.950607993	0.196321536	1.96394299	1.500143659	1.839820889	1.574668465	0.400329756	1.025001779	1

0	0	0	0	0	0	0	0	0	0	0	0	0	0	0	0	0	0	0	0	0
																				
0.00125	0.00125	0.00125	0.00125	0.00125	0.00125	0.00125	0.00125	0.00125	0.00125	0.00125	0.00125	0.00125	0.00125	0.00125	0.00125	0.00125	0.00125	0.00125	0.00125	0.00125

474151748.5	497686187.7	629932392.3	675001568	704400762.3	848293727.7	953660113.8	949052062.6	800487127.3	661384921.6	528315862.7	606536627.9
											
328	184	464	400	472	416	448	472	464	424	448	416

0.00797039	0.005110843	0.000119204	0.944294353	0.003045486	0.000100585	0.03935914
0.008434001	0.005054779	0.000135179	0.977974541	0.003191698	0.000144162	0.005065638
0.009033956	0.00379375	0.000129983	0.927033791	0.002979402	0.000124408	0.056904711
0.009260952	0.003748662	0.000136441	0.981536023	0.003284676	0.000159778	0.001873467
0.010321869	0.003412559	0.0001458	0.931135832	0.003045349	0.00014845	0.051790142
0.010844113	0.002969571	0.00014332	0.975539021	0.003173394	0.000144223	0.007186358
0.009095915	0.002478623	0.00012313	0.917579198	0.003009429	0.000127388	0.067586317
0.008937979	0.002619698	0.000127921	0.965234534	0.00323832	0.000137777	0.019703772
0.008801019	0.003015252	0.000123321	0.937898096	0.002954306	0.000134719	0.047073287
0.009388484	0.00382481	0.000140195	0.982107684	0.003109696	0.000153674	0.001275456
0.008351113	0.004480295	0.000140643	0.916810657	0.002939361	0.000162723	0.067115209
0.009248879	0.004153244	0.000140677	0.981736297	0.003170671	0.000159599	0.001390633

179.2016035	57	11.95046011	35620.30443	209.5066063	0	843.6447201

180	180
	
9000	9000

0	1	2	4	5	6	8	9	10	11	12	13	14	15	16	17	18	19	20
3	7

0	1	2	3
4	5	6
7
8
9	10	11	12	13	14	15	16
17	18	19
20

