12
18
4
4
9.00231 6.03827 9.51678 6.03963 9.26617 6.50864 8.23041 9.49913 11.7669 6.18813 8.36389 8.43762 8.89305 10.9048 9.44617 11.5351 6.44435 9.21462 

2.93403 3.46034 1.60439 2.29417 1.81148 1.93893 2.31356 2.04629 3.45143 2.18079 2.62184 2.78838 2.69289 2.51113 2.15967 3.10298 2.70128 3.03621 

23.9324 24.5434 7.25532 27.4044 18.3856 20.021 12.4283 17.3236 16.4235 25.2185 26.3479 8.63719 26.2693 27.0148 10.305 15.9263 15.3091 15.8364 

1 1 1 1 1 1 1 1 1 1 1 1 1 1 1 1 1 1 

20.832 30.1512 26.3632 20.1782 27.3393 24.914 43.9761 17.2368 16.547 36.3699 39.3482 29.1762 27.7652 30.6525 29.6333 24.3317 16.4578 40.5289 

47.8878 36.1068 68.4866 99.2679 36.0279 54.8348 43.1588 97.3481 97.9155 25.7551 38.5235 71.1901 68.6188 28.0511 51.2292 68.6661 29.5182 99.6461 

0.811271 0.903065 0.995562 0.65589 0.680237 0.585538 0.647422 0.673939 0.855578 0.560454 0.49916 0.49097 0.836554 0.705448 0.790957 0.869719 0.953254 0.949168 

416.151 470.133 461.127 473.141 441.135 423.799 494.052 477.479 463.497 441.092 465.897 491.718 

162.315 162.315 162.315 162.315 162.315 162.315 162.315 162.315 162.315 162.315 162.315 162.315 

0.332279 0.306362 0.199517 0.161352 
0.259286 0.31599 0.116453 0.307618 
0.00684091 0.130116 0.525605 0.336553 
0.140676 0.339813 0.0398764 0.478803 
0.138332 0.542254 0.0607565 0.257988 
0.0632265 0.141702 0.388742 0.405753 
0.311227 0.109615 0.219016 0.359143 
0.124112 0.617797 0.0762937 0.181167 
0.275631 0.253794 0.305684 0.16455 
0.168826 0.361041 0.191249 0.278384 
0.160712 0.465482 0.146671 0.226591 
0.168142 0.586668 0.159612 0.08477 

54.4427 112.57 73.9014 153.476 

3 3 3 3 

46.9028 67.4388 19.3005 20.4065 

0 1 2 3 4 5 6 7 8 
9 
10 
11 12 13 14 15 16 17 

0 1 2 3 4 5 6 7 8 
9 
10 
11 12 13 14 15 16 17 

