12
18
4
4
8.79615 6.61677 10.882 10.8657 7.07414 10.204 11.7766 6.903 9.39861 11.1392 7.06989 8.22594 8.22697 9.74066 7.35693 6.2839 10.1061 6.63001 

2.95092 1.90268 1.86471 2.42974 3.29425 1.96462 3.30598 2.68335 2.74607 3.34905 2.66753 1.8592 1.87499 2.47206 2.17965 2.97917 2.25198 2.64317 

25.2149 6.13428 23.084 6.16157 20.4946 9.69669 11.244 21.8406 19.1209 9.15381 13.7551 26.4371 6.38059 15.4316 16.247 29.9279 15.3034 6.70555 

1 1 1 1 1 1 1 1 1 1 1 1 1 1 1 1 1 1 

17.005 34.1746 36.4848 20.7678 14.9161 42.2704 23.0393 15.3472 17.9849 37.9087 23.0134 42.8327 41.5609 39.8385 17.8746 30.4798 16.3618 21.1179 

38.7322 79.3889 59.002 66.5618 70.5667 95.1605 86.8678 85.4397 81.4947 50.9662 95.0648 92.3362 88.0302 83.084 102.8 70.3497 81.035 24.4947 

0.400178 0.814228 0.722197 0.471572 0.506333 0.523519 0.721334 0.414397 0.8407 0.601079 0.717745 0.784297 0.589941 0.997643 0.949271 0.586944 0.498597 0.88362 

431.262 405.544 490.868 489.554 401.03 403.471 486.7 404.93 462.13 497.752 483.154 461.089 

138.67 138.67 138.67 138.67 138.67 138.67 138.67 138.67 138.67 138.67 138.67 138.67 

0.401327 0.185189 0.0479929 0.365063 
0.221971 0.217183 0.525072 0.0351824 
0.383636 0.011257 0.198658 0.405626 
0.296902 0.280366 0.087751 0.334643 
0.186228 0.285373 0.424874 0.102784 
0.289862 0.201615 0.121091 0.38703 
0.184918 0.408661 0.0786764 0.327198 
0.0782398 0.24127 0.141208 0.538481 
0.0793269 0.257192 0.356823 0.305905 
0.0452739 0.433694 0.276719 0.242939 
0.19963 0.382479 0.145375 0.272105 
0.208023 0.291301 0.0995297 0.40074 

102.698 86.7636 94.6374 130.964 

3 3 3 3 

40.8626 20.2491 62.3645 65.1903 

0 1 2 3 4 
5 6 
7 
8 9 10 11 12 13 14 15 16 17 

0 1 2 3 4 
5 6 
7 
8 9 10 11 12 13 14 15 16 17 

