12
18
6
6
9.23038 8.51219 8.76045 11.9141 6.43204 10.3353 9.9693 6.55403 9.30041 10.2151 6.66844 9.16907 10.9697 8.45886 8.67874 11.7375 8.40969 10.6095 

3.44761 1.61331 3.56488 3.38071 3.14368 1.67016 2.67267 2.90612 2.72304 2.41768 2.02656 3.11957 2.85738 2.56108 3.27496 3.56258 2.97036 3.30808 

26.4777 26.9516 14.8738 15.7194 29.9376 19.4827 9.63641 26.6464 17.246 15.8964 21.5818 22.156 8.71483 10.1617 11.7747 21.0537 10.8057 21.6741 

1 1 1 1 1 1 1 1 1 1 1 1 1 1 1 1 1 1 

30.2402 36.1098 19.9276 14.2114 29.6922 29.4113 45.9587 41.2032 23.2878 16.8079 28.002 32.2001 23.9277 15.7019 38.1708 22.2833 37.2662 16.7829 

83.124 59.3717 57.848 35.4677 85.1413 81.922 40.1737 90.5951 80.901 72.8187 99.0728 45.8416 22.5847 42.903 39.6903 90.1308 47.6745 96.0855 

0.885504 0.50104 0.438545 0.997701 0.544874 0.520125 0.57094 0.792876 0.93888 0.445321 0.986634 0.521625 0.463406 0.548356 0.621592 0.749406 0.81784 0.994525 

467.846 407.038 434.089 414.583 473.706 422.19 418.811 432.136 406.738 476.236 417.402 476.848 

102.117 102.117 102.117 102.117 102.117 102.117 102.117 102.117 102.117 102.117 102.117 102.117 

0.133924 0.132454 0.13754 0.259016 0.214007 0.12272 
0.0482321 0.0981036 0.0288886 0.31491 0.209925 0.299552 
0.102832 0.00809966 0.139271 0.26834 0.171791 0.309248 
0.138231 0.0753572 0.207669 0.181485 0.163334 0.233575 
0.316783 0.0317546 0.233195 0.0094904 0.0396371 0.368732 
0.295582 0.154673 0.00565797 0.041778 0.245615 0.256274 
0.224124 0.263822 0.236045 0.160713 0.000887853 0.114122 
0.155522 0.12168 0.213291 0.0889371 0.204044 0.216303 
0.181034 0.0804781 0.310958 0.113608 0.0569045 0.256701 
0.335904 0.0598583 0.036001 0.11736 0.448292 0.00187008 
0.160711 0.097544 0.076406 0.392934 0.200778 0.0712233 
0.331012 0.241762 0.0172063 0.0895386 0.279889 0.0401374 

149.697 68.5884 49.6966 121.309 159.488 87.3174 

3 3 3 3 3 3 

56.9545 37.8437 31.8924 52.9427 48.8396 40.6165 

0 1 2 3 4 5 6 7 8 9 10 11 
12 13 
14 
15 
16 
17 

0 1 2 3 4 5 6 7 8 9 10 11 
12 13 
14 
15 
16 
17 

