12
18
6
6
6.38823 9.87739 10.4435 6.16873 6.9707 6.48894 10.0032 6.3959 7.74766 7.90034 10.7836 7.84159 7.88967 7.28985 7.96728 8.56909 10.6955 6.03296 

1.98771 3.46344 2.16309 1.60864 2.90409 3.0551 2.85078 2.34563 3.08523 2.17573 2.05839 2.4667 2.09937 2.25004 2.58794 2.40935 2.8625 2.47805 

21.0158 12.2794 21.7693 24.5712 21.8236 9.3628 26.9221 20.6775 8.62635 9.79676 12.9896 17.3281 26.2389 23.4767 9.10051 16.103 19.1809 23.4723 

1 1 1 1 1 1 1 1 1 1 1 1 1 1 1 1 1 1 

28.6829 16.8251 22.584 14.0145 17.6129 20.2874 14.6891 25.4535 44.3195 36.8343 23.7473 16.2823 42.489 30.794 28.4405 47.2135 32.8959 32.1897 

62.7012 62.9373 57.5531 107.194 35.6048 56.2447 27.8956 78.4327 74.0527 37.5399 104.235 72.5789 103.622 31.1351 109.548 69.1283 82.0417 100.466 

0.730233 0.554965 0.561497 0.449959 0.693815 0.41684 0.801616 0.48594 0.496291 0.662015 0.926432 0.490122 0.508721 0.537527 0.985347 0.918774 0.866216 0.877942 

438.501 413.353 421.822 413.746 453.603 400.853 406.181 451.634 474.453 463.131 460.967 476.258 

98.9593 98.9593 98.9593 98.9593 98.9593 98.9593 98.9593 98.9593 98.9593 98.9593 98.9593 98.9593 

0.136342 0.228892 0.255846 0.129467 0.154296 0.0948749 
0.0905396 0.171714 0.235458 0.242052 0.0850105 0.174954 
0.141123 0.174779 0.154071 0.281453 0.120624 0.127659 
0.0986045 0.084077 0.18776 0.202123 0.280407 0.146719 
0.220798 0.202381 0.261553 0.0831674 0.0959184 0.135913 
0.107919 0.0463188 0.31483 0.208749 0.132294 0.189572 
0.163028 0.250233 0.180307 0.0888947 0.147371 0.169749 
0.132502 0.119094 0.194003 0.209686 0.152221 0.192267 
0.283729 0.325245 0.00818045 0.0374753 0.163028 0.181939 
0.338047 0.0794881 0.0919289 0.114064 0.362064 0.0138702 
0.239536 0.101811 0.226052 0.154286 0.0461448 0.231882 
0.222258 0.099137 0.185236 0.128607 0.136297 0.228213 

171.406 72.6558 167.504 125.401 136.031 64.8756 

3 3 3 3 3 3 

52.7705 47.2226 61.2578 52.6182 18.5895 57.3834 

0 1 2 3 
4 5 6 
7 8 9 10 11 12 
13 
14 15 
16 17 

0 1 2 3 
4 5 6 
7 8 9 10 11 12 
13 
14 15 
16 17 

