12
18
6
6
10.2127 7.86191 9.48999 9.76417 9.2923 9.43986 9.14437 7.85277 7.51439 6.35943 7.10718 6.02636 10.8014 10.1332 7.72169 10.83 9.44674 9.95384 

2.07944 2.5087 1.68566 1.91606 2.97032 1.89283 1.97525 2.58757 3.24395 1.85083 3.36585 2.35867 2.0411 3.19492 3.34612 1.77285 2.77007 3.58501 

24.9677 13.7828 25.345 17.3524 13.0492 11.1862 21.0203 21.8546 7.6337 20.3099 17.7965 17.1751 22.7507 8.37745 23.0774 11.1542 22.0009 9.50806 

1 1 1 1 1 1 1 1 1 1 1 1 1 1 1 1 1 1 

19.3291 29.3433 40.8888 40.2031 20.0628 42.398 30.3339 41.2551 45.98 34.5472 14.9522 46.1728 18.3843 40.9672 26.9215 16.0123 18.8785 27.3614 

66.0718 82.8564 48.3843 49.5371 32.9092 64.6078 35.6921 72.1333 102.431 109.729 67.1782 108.098 71.8027 57.8522 59.7449 53.4667 97.8824 71.4216 

0.911169 0.57087 0.749089 0.980011 0.910966 0.672917 0.438262 0.732976 0.957379 0.588382 0.867271 0.495202 0.553252 0.655733 0.797875 0.970324 0.941471 0.659338 

443.216 468.328 427.473 425.436 430.286 458.357 495.258 478.153 434.342 435.668 467.433 411.769 

142.384 142.384 142.384 142.384 142.384 142.384 142.384 142.384 142.384 142.384 142.384 142.384 

0.00164381 0.325474 0.201371 0.266195 0.0813437 0.123573 
0.216423 0.104922 0.0130517 0.270265 0.0547084 0.340267 
0.00474723 0.30595 0.335221 0.00653056 0.226242 0.120876 
0.261171 0.3698 0.08136 0.102186 0.089532 0.0955568 
0.155754 0.204843 0.0519119 0.159644 0.100894 0.326598 
0.12782 0.24366 0.156561 0.0295944 0.225526 0.216547 
0.122968 0.112418 0.00844209 0.316252 0.366618 0.0728622 
0.0392009 0.188664 0.0610723 0.266341 0.104919 0.339285 
0.134987 0.0718651 0.225772 0.202823 0.133882 0.230429 
0.188857 0.0535149 0.34278 0.218231 0.194883 0.00134592 
0.253544 0.0100081 0.0157088 0.0031637 0.176923 0.540089 
0.098383 0.209629 0.0788021 0.313928 0.270706 0.0281093 

112.131 138.773 78.999 74.4606 56.467 60.114 

3 3 3 3 3 3 

15.9546 22.1969 47.8454 30.6035 17.993 53.0624 

0 
1 2 3 4 5 6 
7 8 9 
10 11 
12 
13 14 15 16 17 

0 
1 2 3 4 5 6 
7 8 9 
10 11 
12 
13 14 15 16 17 

