12
18
8
8
8.0659 9.09811 11.3995 10.8812 10.7549 9.28915 6.65307 9.86283 6.1504 9.31137 9.85156 7.70273 6.42242 11.3756 9.20953 7.92543 7.02237 11.0844 

2.4146 2.93958 3.14066 2.76713 2.90809 3.53462 1.65845 2.46427 2.82879 1.67343 3.5692 2.33456 2.30831 2.61517 3.33757 2.89202 2.50827 3.5886 

18.2888 6.68539 14.4457 24.3223 20.1499 27.359 27.8804 10.8171 22.9816 29.8496 8.99747 15.9686 22.6731 16.4155 26.2967 8.78073 25.4204 18.6842 

1 1 1 1 1 1 1 1 1 1 1 1 1 1 1 1 1 1 

22.0406 24.546 31.6052 15.3439 42.6348 25.8382 26.2719 41.7523 30.6537 26.6328 15.3336 39.0499 45.9049 17.9138 38.4389 17.289 24.5168 32.426 

39.0444 56.1601 51.8521 56.2036 99.3603 52.1199 27.7712 54.9646 73.6514 76.1114 97.0195 62.4008 97.6819 70.6532 105.942 93.9212 52.2337 43.1241 

0.605453 0.717676 0.538862 0.513135 0.964808 0.825586 0.842867 0.447047 0.536598 0.493477 0.510888 0.826547 0.762515 0.853145 0.561047 0.893546 0.759863 0.837936 

410.449 403.025 483.55 421.153 402.386 480.971 458.133 466.241 478.147 466.895 484.354 432.655 

104.516 104.516 104.516 104.516 104.516 104.516 104.516 104.516 104.516 104.516 104.516 104.516 

0.110328 0.138042 0.0756937 0.155244 0.138749 0.129394 0.0960072 0.156375 
0.200712 0.136912 0.137302 0.167549 0.135672 0.0243989 0.160526 0.0367121 
0.0610401 0.12952 0.0129781 0.00801009 0.0268933 0.250579 0.215325 0.295337 
0.219593 0.21824 0.0382065 0.0698396 0.0961849 0.0952758 0.17376 0.0886709 
0.207915 0.150445 0.125077 0.146564 0.105472 0.0218715 0.0916748 0.150767 
0.0813925 0.121033 0.108902 0.150349 0.128286 0.0673697 0.184145 0.158309 
0.212699 0.00288498 0.0667075 0.0862688 0.22477 0.218703 0.0183458 0.169344 
0.20073 0.146254 0.00365941 0.00916142 0.265969 0.261065 0.103401 0.00947995 
0.200293 0.173352 0.173223 0.0564099 0.126521 0.0869782 0.0780905 0.104928 
0.105578 0.0151157 0.214036 0.0405099 0.173376 0.099077 0.198635 0.153288 
0.107374 0.0541429 0.117393 0.199687 0.0671573 0.0974732 0.210925 0.145606 
0.167473 0.179347 0.127756 0.109589 0.16652 0.0402215 0.00526361 0.203617 

62.6742 66.51 85.878 130.679 118.406 142.672 74.979 157.563 

3 3 3 3 3 3 3 3 

45.5014 61.9776 37.0011 42.2724 58.2556 21.3395 67.8541 39.3772 

0 1 2 
3 4 5 
6 
7 8 
9 10 11 12 13 14 
15 
16 
17 

0 1 2 
3 4 5 
6 
7 8 
9 10 11 12 13 14 
15 
16 
17 

