12
18
10
10
6.21865 10.4213 10.9417 11.6096 10.317 9.52584 10.3037 6.26843 11.9643 8.40059 10.6716 8.87162 8.21503 7.41094 11.1295 11.4202 9.02854 9.57248 

2.10758 2.17018 1.78649 1.96153 1.96415 1.85622 3.58224 3.59883 2.00181 2.35033 3.19727 2.0934 2.7606 1.86603 3.38912 1.77725 2.44469 2.91056 

21.6547 14.1326 15.8454 18.2477 29.6646 30.3597 26.8085 11.8841 17.931 10.4696 30.9138 28.803 16.7593 7.21036 22.7073 27.0168 19.1653 25.849 

1 1 1 1 1 1 1 1 1 1 1 1 1 1 1 1 1 1 

32.5345 30.5776 31.2395 17.6191 26.1377 27.253 19.1056 29.7074 31.018 47.9729 36.4612 15.8069 42.9483 45.2812 26.5823 22.5857 23.4559 38.1353 

38.1341 45.7097 36.8514 63.2502 48.9729 77.1038 98.0975 93.5482 46.2989 91.4053 64.4292 37.2235 97.7494 27.4246 79.9588 103.39 62.9599 83.9871 

0.643697 0.820796 0.445461 0.753457 0.892034 0.770911 0.721291 0.58271 0.671467 0.406261 0.414291 0.477021 0.978227 0.970513 0.534923 0.408877 0.765659 0.529018 

459.727 460.695 408.304 478.821 482.937 460.201 443.683 444.204 401.055 412.862 462.62 420.592 

72.9252 72.9252 72.9252 72.9252 72.9252 72.9252 72.9252 72.9252 72.9252 72.9252 72.9252 72.9252 

0.0163362 0.188838 0.0981225 0.0600676 0.160125 0.0793314 0.0773023 0.12047 0.0719523 0.127261 
0.150658 0.0806301 0.0792954 0.085841 0.0138242 0.127616 0.213138 0.148041 0.0934333 0.00729818 
0.11641 0.155762 0.0792363 0.0124238 0.171416 0.121501 0.0150765 0.10264 0.0929702 0.132391 
0.149721 0.0232928 0.0399446 0.164252 0.162927 0.118582 0.087579 0.179532 0.0533282 0.0206417 
0.0702848 0.0645572 0.0556571 0.222976 0.0342501 0.0830782 0.0613855 0.215042 0.188795 0.00374467 
0.0483919 0.00238606 0.122248 0.101611 0.144429 0.1248 0.146624 0.118786 0.148181 0.0423925 
0.0168096 0.010863 0.134391 0.17493 0.192911 0.00625944 0.0830205 0.110811 0.120352 0.149446 
0.108786 0.00599276 0.0790743 0.13768 0.0813488 0.177035 0.176406 0.160864 0.0634207 0.00921011 
0.0883313 0.0441544 0.148933 0.144857 0.0837564 0.0855234 0.0291177 0.165803 0.0692963 0.140042 
0.0122992 0.0301547 0.138612 0.0898836 0.146638 0.143457 0.0826306 0.148642 0.0345281 0.172965 
0.139677 0.085401 0.124772 0.193636 0.112445 0.0261568 0.0241524 0.139466 0.11632 0.0377645 
0.218513 0.163222 0.135404 0.059439 0.117702 0.0358841 0.132587 0.0239822 0.064451 0.0485655 

57.4927 154.681 110.948 68.382 84.1974 144.295 96.8928 99.0294 115.473 146.164 

3 3 3 3 3 3 3 3 3 3 

71.919 62.6111 48.6088 56.2414 41.0449 69.148 34.8398 53.9762 64.784 58.5136 

0 1 2 
3 
4 
5 
6 
7 
8 
9 10 11 
12 
13 14 15 16 17 

0 1 2 
3 
4 
5 
6 
7 
8 
9 10 11 
12 
13 14 15 16 17 

