12
18
8
8
6.09936 9.0993 10.6522 7.99088 9.78598 10.2645 6.03034 10.8124 7.76077 7.40067 8.47583 6.87691 9.41141 6.21014 10.2736 10.2231 10.9433 8.49564 

3.4216 3.35663 2.36375 1.60465 2.14699 2.16085 2.25516 2.50792 1.84138 1.75159 3.3779 1.87644 2.26252 2.3911 2.01703 2.19329 3.3203 3.063 

31.6196 20.0765 17.9452 20.0513 8.05307 23.5044 10.521 24.9264 11.433 11.5427 26.3405 16.6908 20.427 8.7881 9.80989 15.6931 28.0386 21.5338 

1 1 1 1 1 1 1 1 1 1 1 1 1 1 1 1 1 1 

40.1218 42.3673 15.8993 17.6356 41.2068 25.9219 42.4743 19.7562 46.3972 37.7051 37.353 19.2099 23.5223 30.2368 44.6041 39.2627 41.8227 32.7745 

68.6889 28.9765 67.1994 85.5173 95.3389 77.0286 92.4767 24.2469 105.889 29.9427 83.0666 61.6894 106.432 94.5395 71.9921 65.6051 24.2843 24.8135 

0.852806 0.976084 0.777089 0.581834 0.848335 0.925065 0.953029 0.425754 0.64765 0.83062 0.652786 0.475279 0.511358 0.662823 0.935013 0.588204 0.775535 0.873877 

423.495 497.437 438.136 445.556 460.278 402.841 437.149 476.904 436.055 415.228 464.774 429.337 

110.687 110.687 110.687 110.687 110.687 110.687 110.687 110.687 110.687 110.687 110.687 110.687 

0.182706 0.0371031 0.13668 0.153083 0.0499182 0.0556793 0.234217 0.15034 
0.180117 0.140566 0.21385 0.0433447 0.0776904 0.117464 0.0191188 0.207614 
0.0984076 0.0459713 0.121999 0.111095 0.162174 0.130181 0.184443 0.145536 
0.175526 0.141418 0.0874792 0.051286 0.107574 0.127925 0.252143 0.0563847 
0.0763939 0.175937 0.163705 0.246903 0.237003 0.00605056 0.0931704 0.000520352 
0.107416 0.157484 0.144546 0.156536 0.134566 0.0678132 0.106871 0.124609 
0.195921 0.145318 0.0793182 0.040965 0.0163368 0.115705 0.203507 0.202711 
0.0816906 0.151564 0.000601069 0.238335 0.0118491 0.12123 0.257625 0.13676 
0.143943 0.0688804 0.230676 0.229369 0.119414 0.0232447 0.086797 0.0974405 
0.0698618 0.194526 0.113793 0.0570894 0.0552033 0.173314 0.124852 0.211143 
0.158641 0.00404677 0.126464 0.132859 0.176041 0.178576 0.0540102 0.169132 
0.193597 0.214662 0.128022 0.186736 0.104699 0.142075 0.0219688 0.00799214 

133.052 65.3736 101.175 64.5798 162.616 62.0658 104.396 134.114 

3 3 3 3 3 3 3 3 

21.8102 56.2608 43.8565 71.0694 35.6272 17.7974 59.332 48.0222 

0 1 
2 3 
4 
5 
6 
7 8 9 10 11 12 13 14 
15 
16 17 

0 1 
2 3 
4 
5 
6 
7 8 9 10 11 12 13 14 
15 
16 17 

