12
18
10
10
8.76835 7.40534 9.58643 6.69508 8.16377 11.1191 7.31664 10.7883 7.49541 10.6444 9.93613 7.0039 8.44274 11.7091 10.4495 7.57219 10.6078 6.99477 

3.58924 2.25377 2.89557 2.3488 2.77166 3.06033 3.20258 3.07435 1.67359 2.06023 2.53973 1.95228 3.41078 2.94985 2.12061 2.31341 2.59005 3.07776 

6.312 28.6338 12.2037 26.9308 24.3878 27.4731 19.105 8.36005 10.5166 13.6146 18.8253 6.79302 14.043 13.874 32.3774 9.38617 8.75553 30.3205 

1 1 1 1 1 1 1 1 1 1 1 1 1 1 1 1 1 1 

25.6552 14.4489 22.1843 32.2825 46.8591 41.1883 19.1844 17.3288 33.0578 41.2206 44.3582 42.5126 46.2659 31.9143 37.4133 38.6645 21.2018 14.1625 

55.821 28.6832 53.6631 54.5258 68.5511 72.5197 59.5695 80.5481 26.3416 97.2892 60.1376 54.9037 85.6226 46.2756 30.0153 97.9751 65.4511 83.3765 

0.897876 0.854967 0.95635 0.744406 0.923692 0.739781 0.966603 0.604174 0.650045 0.984078 0.452048 0.840585 0.631896 0.864699 0.596 0.514218 0.664373 0.928681 

495.604 439.954 419.404 400.376 410.893 486.014 486.284 417.235 401.229 448.081 473.777 477.328 

98.7307 98.7307 98.7307 98.7307 98.7307 98.7307 98.7307 98.7307 98.7307 98.7307 98.7307 98.7307 

0.073378 0.122487 0.183056 0.13527 0.0955384 0.0432357 0.0133874 0.11984 0.0624816 0.151136 
0.0434145 0.0871394 0.105497 0.0462942 0.00448226 0.0732064 0.250632 0.264197 0.0406827 0.0841833 
0.106678 0.0434256 0.178571 0.102591 0.0914986 0.0804073 0.189966 0.174433 0.0166587 0.0155636 
0.184528 0.0719317 0.123281 0.134031 0.0045025 0.100989 0.185904 0.0446241 0.064606 0.0853957 
0.00776921 0.146753 0.0538402 0.0337815 0.127319 0.136637 0.167045 0.127971 0.0503049 0.148406 
0.171501 0.117202 0.152407 0.0895411 0.0168871 0.123782 0.0525134 0.0472691 0.163598 0.0650202 
0.122194 0.0424419 0.0280851 0.00156138 0.165125 0.173863 0.135251 0.140164 0.124614 0.0665213 
0.0309632 0.13064 0.142392 0.105536 0.127029 0.0280489 0.0410635 0.106152 0.142744 0.145278 
0.0261582 0.155981 0.149043 0.123118 0.217201 0.174679 0.00116091 0.0329784 0.0730176 0.0464404 
0.0498656 0.0821203 0.120974 0.146259 0.0474339 0.134971 0.124078 0.0492677 0.103261 0.141619 
0.000664664 0.0541664 0.230449 0.15781 0.166719 0.267295 0.00418464 0.0151871 0.00153975 0.101692 
0.0600767 0.192069 0.0245472 0.0924163 0.0822397 0.174069 0.126103 0.0274621 0.0942299 0.126578 

152.822 135.567 137.42 62.7036 158.362 84.2988 152.32 73.7994 89.9736 64.2144 

3 3 3 3 3 3 3 3 3 3 

50.6653 16.7929 42.9133 40.3804 57.0172 51.2722 40.6849 47.1228 39.6949 23.0582 

0 
1 2 3 
4 
5 6 
7 8 9 
10 11 
12 13 
14 15 
16 
17 

0 
1 2 3 
4 
5 6 
7 8 9 
10 11 
12 13 
14 15 
16 
17 

