12
18
6
6
6.96055 6.50185 9.8006 8.41729 6.04084 6.85723 8.57487 10.5844 7.66424 6.21858 11.4129 10.4565 10.233 9.27092 10.5413 9.06201 7.60652 8.1038 

2.98983 3.57753 3.05833 2.66107 2.80021 1.75761 3.42921 3.32714 2.41304 3.00896 2.36467 3.1991 2.33587 3.20684 2.11843 2.21395 3.44456 2.51162 

20.3539 16.26 26.0861 18.1543 23.4721 7.181 19.419 22.391 13.0609 28.012 18.5664 20.6329 10.7766 19.2135 20.0476 27.1027 21.2482 12.8038 

1 1 1 1 1 1 1 1 1 1 1 1 1 1 1 1 1 1 

16.4807 47.5695 21.0931 27.8312 18.9083 17.2915 45.8393 19.8008 32.9735 27.6325 34.8627 30.1073 24.9341 40.8512 18.5331 34.5236 39.893 42.1985 

70.5603 24.5375 24.444 49.7907 35.9844 83.7483 42.9341 81.761 106.292 108.911 99.428 48.6605 96.059 55.2734 84.6936 101.234 70.3812 26.0821 

0.695371 0.793148 0.835143 0.433838 0.814101 0.49226 0.641907 0.84682 0.795847 0.924426 0.507207 0.460285 0.981779 0.869931 0.851619 0.844809 0.973181 0.90084 

430.016 493.709 460.846 402.67 443.062 437.871 418.34 423.949 499.161 402.198 488.756 482.423 

128.093 128.093 128.093 128.093 128.093 128.093 128.093 128.093 128.093 128.093 128.093 128.093 

0.309927 0.14158 0.0250595 0.230089 0.103207 0.189814 
0.0942474 0.203175 0.347364 0.000669527 0.0244309 0.329718 
0.167804 0.215153 0.178943 0.158335 0.082206 0.197323 
0.092826 0.285962 0.0271059 0.163662 0.141964 0.288183 
0.0594672 0.010615 0.243325 0.251946 0.257405 0.17697 
0.29212 0.131218 0.178776 0.0697178 0.1195 0.208345 
0.126077 0.149148 0.205963 0.17926 0.158642 0.180667 
0.273001 0.214623 0.210035 0.239168 0.0081998 0.0546258 
0.212252 0.0443496 0.245683 0.0903659 0.199955 0.207141 
0.220251 0.0688314 0.20953 0.16401 0.231569 0.105546 
0.29567 0.335237 0.0629889 0.233724 0.020654 0.0513448 
0.22794 0.410694 0.129484 0.148676 0.0522645 0.0304554 

72.6774 92.1714 68.9766 159.086 83.9628 140.69 

3 3 3 3 3 3 

70.5179 36.4163 49.6509 69.4881 12.1172 46.885 

0 1 
2 3 4 
5 6 7 
8 9 10 11 12 13 14 15 
16 
17 

0 1 
2 3 4 
5 6 7 
8 9 10 11 12 13 14 15 
16 
17 

