12
20
7
7
7.07321 10.3351 6.12418 6.26776 10.9325 6.82547 8.19336 9.8662 6.76402 11.5334 9.74785 8.39125 6.27354 10.8867 7.47847 10.3126 9.91671 10.9067 10.1514 6.94759 

3.40382 2.17413 2.44858 3.53529 2.00861 2.64184 1.976 3.37488 1.92844 2.48221 1.92053 1.8972 3.04003 2.83316 3.56224 1.60256 2.3628 1.95187 1.70166 1.9436 

15.5484 6.09955 10.0999 16.8953 24.9916 18.1386 17.4151 8.12266 29.3418 16.664 6.95995 17.5243 16.3497 15.4583 19.252 8.55865 32.0981 26.2228 21.626 9.43629 

1 1 1 1 1 1 1 1 1 1 1 1 1 1 1 1 1 1 1 1 

28.5874 17.7004 45.3621 24.4295 16.0479 27.2226 20.6217 41.4204 14.304 26.8772 42.425 16.2498 17.9493 15.6201 30.634 43.9866 39.6122 22.7632 35.0381 17.3764 

97.8743 98.7608 23.503 103.015 96.9199 104.861 81.7131 103.265 57.6148 60.7061 67.2214 99.6197 55.1676 30.0377 72.3895 104.117 40.1054 84.6928 36.2069 32.9587 

0.47868 0.688885 0.546599 0.905576 0.710291 0.419621 0.684844 0.666905 0.988786 0.836727 0.440919 0.901512 0.527584 0.966856 0.738853 0.993619 0.890601 0.729318 0.44493 0.981291 

450.093 444.707 416.891 466.23 461.258 486.665 412.679 402.245 435.581 432.308 416.387 435.782 

97.5272 97.5272 97.5272 97.5272 97.5272 97.5272 97.5272 97.5272 97.5272 97.5272 97.5272 97.5272 

0.146726 0.0705846 0.0437827 0.0963888 0.227726 0.269555 0.144961 
0.112605 0.0431415 0.0280088 0.160066 0.258485 0.128106 0.268954 
0.139239 0.110113 0.0561116 0.080352 0.102169 0.232657 0.279022 
0.0169574 0.191331 0.150378 0.127406 0.24607 0.2653 0.00228654 
0.254706 0.231057 0.141551 0.0483492 0.139743 0.0911146 0.0931815 
0.0505097 0.226529 0.209086 0.00144471 0.215588 0.213619 0.082687 
0.0307054 0.191394 0.0224657 0.18001 0.288743 0.122023 0.164342 
0.048858 0.0991035 0.175294 0.145475 0.194837 0.212351 0.12384 
0.129172 0.111823 0.0530379 0.106029 0.21278 0.189008 0.197888 
0.180762 0.0156282 0.0782687 0.123148 0.282891 0.234133 0.084867 
0.173986 0.112979 0.255498 0.116001 0.0270108 0.179982 0.134234 
0.00795928 0.196497 0.25072 0.30581 0.124162 0.0212257 0.0933069 

145.16 85.5552 114.894 121.921 65.4432 78.3666 168.773 

3 3 3 3 3 3 3 

23.3884 25.8791 19.9975 23.729 40.9837 30.5113 41.3762 

0 
1 2 
3 4 5 6 
7 8 
9 10 11 
12 
13 14 15 16 17 18 19 

0 
1 2 
3 4 5 6 
7 8 
9 10 11 
12 
13 14 15 16 17 18 19 

