12
20
5
5
9.07306 9.6013 7.95963 11.367 8.16323 8.43753 11.3547 9.03971 10.6592 6.77421 6.82619 8.28033 9.64904 8.47713 11.3223 8.75727 6.34733 8.16542 6.42211 7.44352 

3.23013 2.17055 2.58633 3.30177 2.28128 3.59021 2.91962 3.09489 3.14334 2.45012 1.91129 2.4571 2.29538 3.15389 2.99627 3.27747 3.16072 1.7371 2.32268 2.59134 

23.3019 29.2962 10.2013 28.6766 25.9975 12.6696 15.0452 25.8168 6.56127 31.7985 25.645 27.709 27.5257 30.2453 15.3213 16.1316 26.7037 17.0408 16.1754 10.6431 

1 1 1 1 1 1 1 1 1 1 1 1 1 1 1 1 1 1 1 1 

14.0485 23.1043 18.4128 47.9213 27.4059 19.9112 41.9416 23.8178 44.3286 41.9928 41.5491 43.3643 30.2714 22.5152 25.1115 36.8931 40.0709 41.1584 27.2178 20.8407 

27.5045 38.5639 36.7663 70.229 33.0855 57.4378 79.8765 60.6415 34.2191 64.3151 77.8535 95.694 108.932 86.498 25.2119 84.6425 73.5965 55.069 57.6622 34.8258 

0.618098 0.487991 0.587866 0.811159 0.467603 0.700402 0.933089 0.408514 0.503455 0.887814 0.806748 0.595857 0.879836 0.972403 0.409853 0.978995 0.490099 0.404956 0.467137 0.51954 

492.123 466.082 473.983 496.614 421.336 415.089 479.521 421.593 427.162 485.059 470.719 421.463 

145.145 145.145 145.145 145.145 145.145 145.145 145.145 145.145 145.145 145.145 145.145 145.145 

0.206766 0.177452 0.14606 0.24542 0.224045 
0.159973 0.229826 0.287188 0.281124 0.0415745 
0.165481 0.345743 0.173516 0.23832 0.0765747 
0.0460011 0.346756 0.0856993 0.236925 0.284267 
0.27571 0.314225 0.00778438 0.373058 0.028607 
0.183902 0.178682 0.209157 0.20327 0.224762 
0.547289 0.0124215 0.00198749 0.348037 0.0897173 
0.0831755 0.0761216 0.133865 0.426784 0.279561 
0.343228 0.0717935 0.187774 0.269203 0.127411 
0.158032 0.111302 0.398305 0.038455 0.293468 
0.251801 0.218353 0.10266 0.346539 0.080194 
0.215321 0.193994 0.0277531 0.289581 0.272805 

151.498 149.398 68.0424 95.7546 111.065 

3 3 3 3 3 

25.5067 13.9898 25.5833 32.5894 12.3788 

0 1 2 3 4 5 6 7 8 
9 10 
11 12 13 14 15 
16 
17 18 19 

0 1 2 3 4 5 6 7 8 
9 10 
11 12 13 14 15 
16 
17 18 19 

