12
20
10
10
8.08749 9.22339 8.60579 6.77186 10.7399 9.96881 8.0299 6.14355 9.3383 6.37084 8.68283 11.9267 8.68452 6.414 8.67182 6.42511 6.15182 11.4567 8.72798 10.5254 

3.13732 3.5545 2.71861 1.82883 3.12264 2.22477 3.26222 2.74821 3.19912 1.71485 1.69969 3.00701 2.97628 3.5769 2.36776 3.23615 1.60917 2.2056 3.25714 2.4123 

20.9277 13.458 9.35499 18.2525 21.3607 17.248 32.2668 21.8185 24.9958 30.0768 14.0175 17.3557 16.0376 14.991 12.9438 15.7301 28.2963 32.1518 20.473 28.0754 

1 1 1 1 1 1 1 1 1 1 1 1 1 1 1 1 1 1 1 1 

32.4105 17.4007 40.8394 28.2645 40.0955 40.4553 39.938 34.1633 30.3453 42.4061 46.6099 30.8511 28.7646 34.4731 41.0768 29.7349 14.3527 37.6805 20.5004 39.2213 

23.161 63.3633 104.151 24.3651 82.3691 90.6634 102.082 92.068 88.0745 76.4024 58.6975 79.1876 23.5129 57.1027 54.6427 52.0019 103.088 28.6936 104.414 62.7993 

0.461425 0.611771 0.948733 0.517526 0.417931 0.822417 0.465995 0.530631 0.778819 0.432935 0.462593 0.981161 0.44587 0.448112 0.632761 0.774624 0.97734 0.739329 0.422551 0.480112 

446.515 417.927 482.68 447.568 410.214 479.536 490.58 453.212 476.671 421.473 454.298 467.186 

78.7765 78.7765 78.7765 78.7765 78.7765 78.7765 78.7765 78.7765 78.7765 78.7765 78.7765 78.7765 

0.048708 0.101277 0.189184 0.0407611 0.119196 0.170131 0.104476 0.117218 0.0678532 0.0409844 
0.125913 0.00250074 0.128927 0.0843956 0.0769935 0.150523 0.0469709 0.152228 0.146976 0.0844112 
0.0483189 0.102408 0.119069 0.111406 0.0859182 0.0856569 0.181576 0.119704 0.00592683 0.139828 
0.176797 0.0339389 0.00137583 0.00932245 0.0113571 0.151478 0.073463 0.316365 0.0574916 0.168043 
0.0562156 0.179808 0.118971 0.0703732 0.110479 0.134839 0.172726 0.00102432 0.091338 0.0640171 
0.0550549 0.00849151 0.009819 0.166477 0.0704466 0.180126 0.198779 0.0935776 0.183698 0.0333043 
0.00717484 0.163306 0.103724 0.00400212 0.164972 0.100835 0.0872522 0.120866 0.108001 0.139651 
0.0957957 0.133597 0.0486654 0.0500832 0.00565207 0.19639 0.027526 0.222087 0.184484 0.0354801 
0.102135 0.0208917 0.169334 0.165376 0.0505018 0.053255 0.0863939 0.154824 0.0320985 0.164994 
0.0924979 0.196017 0.0112697 0.0952904 0.0331251 0.0573076 0.0139439 0.193707 0.183577 0.123055 
0.138763 0.127011 0.161459 0.0176881 0.120315 0.0426285 0.0157943 0.157558 0.126216 0.0923936 
0.0423287 0.1168 0.161365 0.0557788 0.146795 0.112393 0.128819 0.0687233 0.0721655 0.0946604 

82.6194 69.8076 112.567 168.314 144.11 137.996 170.464 87.8478 147.919 57.2386 

3 3 3 3 3 3 3 3 3 3 

62.8126 12.4883 12.8314 36.7089 14.1104 38.9419 46.5742 49.47 54.4577 45.3925 

0 1 2 3 4 
5 
6 7 8 
9 
10 11 
12 13 
14 15 16 
17 
18 
19 

0 1 2 3 4 
5 
6 7 8 
9 
10 11 
12 13 
14 15 16 
17 
18 
19 

