12
20
9
9
6.00789 11.7926 7.74747 6.62686 9.52562 6.37132 8.16169 8.97126 11.8831 6.33598 9.31533 6.05171 8.7184 6.39271 6.26415 8.46835 9.82705 7.96937 8.34308 8.79733 

2.5832 2.11847 2.34961 3.53617 1.85866 2.67054 2.8999 1.81439 2.23907 2.01848 2.4254 2.30463 2.26373 1.91136 1.96299 2.10275 2.02405 1.87355 2.08062 3.33663 

27.4985 15.0761 9.7937 21.1036 6.48832 26.226 19.7049 20.1554 14.6921 16.4639 15.6712 27.9779 16.9062 25.4767 12.4138 14.0085 16.9092 16.3978 27.0136 14.5977 

1 1 1 1 1 1 1 1 1 1 1 1 1 1 1 1 1 1 1 1 

46.3187 18.9437 29.2261 44.6572 22.3013 40.2423 16.5205 20.7494 17.9787 20.4592 45.9419 20.7598 42.9587 15.7935 16.6358 26.9638 16.1338 40.0691 24.039 19.7608 

32.9338 43.3159 60.09 30.9004 92.7319 108.729 68.6233 96.9787 68.0634 101.478 101.374 34.1842 97.4186 77.7411 27.669 49.2727 37.5979 40.7892 41.2992 33.4012 

0.870492 0.531604 0.4048 0.588997 0.514888 0.703748 0.721054 0.580622 0.66586 0.936145 0.889676 0.401573 0.855593 0.889097 0.651326 0.879349 0.639414 0.998418 0.738979 0.813462 

433.661 442.941 490.012 401.489 415.028 478.854 406.938 480.634 405.245 488.316 452.527 439.598 

87.4593 87.4593 87.4593 87.4593 87.4593 87.4593 87.4593 87.4593 87.4593 87.4593 87.4593 87.4593 

0.0541563 0.0724644 0.0491998 0.125577 0.0963937 0.107949 0.150058 0.16689 0.177132 
0.0470753 0.177557 0.0869602 0.111639 0.148043 0.121513 0.136337 0.0864088 0.0842688 
0.216974 0.010313 0.0975028 0.0726469 0.142359 0.153926 0.12591 0.14369 0.0364307 
0.17854 0.149756 0.095705 0.0239803 0.0991407 0.211926 0.0152409 0.211827 0.0136129 
0.156323 0.0708359 0.173146 0.116643 0.209887 0.160689 0.0170585 0.0208199 0.07436 
0.015895 0.207008 0.174775 0.015462 0.118175 0.00881028 0.136581 0.160772 0.162309 
0.0120892 0.120166 0.123592 0.110294 0.130491 0.133149 0.111249 0.107472 0.151343 
0.101824 0.162057 0.117068 0.118536 0.133322 0.102805 0.115227 0.0476343 0.101348 
0.130872 0.140804 0.177034 0.0209938 0.0169184 0.205997 0.0313041 0.117562 0.1583 
0.0627432 0.180186 0.0433205 0.154643 0.162885 0.110831 0.035884 0.121363 0.127961 
0.1011 0.0613813 0.0487766 0.0736033 0.149877 0.0437653 0.198062 0.153147 0.170085 
0.144645 0.251434 0.0578654 0.114349 0.0188652 0.181647 0.108175 0.0800048 0.0427069 

110.148 52.2894 134.306 135.913 146.428 150.278 98.1108 155.193 135.434 

3 3 3 3 3 3 3 3 3 

19.0416 47.2166 21.0222 22.5046 25.6509 26.1423 58.4241 15.0366 36.0409 

0 1 
2 3 4 
5 
6 
7 8 
9 10 11 
12 13 14 
15 16 
17 18 19 

0 1 
2 3 4 
5 
6 
7 8 
9 10 11 
12 13 14 
15 16 
17 18 19 

