12
20
5
5
8.9254 9.67358 7.29657 9.00645 11.486 11.5885 7.21078 9.54609 9.81133 8.89581 8.50028 10.7271 10.1242 7.91128 11.3429 9.20016 8.05653 6.15446 6.43623 6.38817 

3.40017 2.25432 3.59156 2.69564 2.88588 3.44628 3.05888 2.77076 2.26777 1.6713 3.14885 2.6755 2.79385 2.24561 2.53318 2.68296 2.48155 2.98361 3.0351 1.68612 

17.8203 7.5609 28.9653 28.3296 16.6955 31.4727 11.595 27.043 24.3608 27.8519 18.2207 17.213 11.6001 20.6143 12.7305 28.2919 11.4874 21.9043 16.7307 14.1818 

1 1 1 1 1 1 1 1 1 1 1 1 1 1 1 1 1 1 1 1 

22.9378 14.7145 41.7634 28.3379 27.8782 28.5704 27.8712 34.3073 45.8845 22.0651 41.7626 31.9272 19.1496 14.1446 36.6818 44.408 38.5496 41.4291 38.1901 40.7801 

89.7617 67.0151 82.1748 23.7466 75.3729 40.5266 26.2796 109.325 71.4559 82.6362 40.2161 53.4302 47.2535 32.6557 109.616 87.7601 84.007 75.5352 68.2812 69.6248 

0.519479 0.544685 0.898759 0.51712 0.918408 0.915728 0.843738 0.957251 0.442464 0.737496 0.8444 0.940865 0.697048 0.402209 0.470047 0.537192 0.482939 0.677565 0.519203 0.725204 

497.935 495.379 400.999 433.04 440.061 464.308 432.489 442.067 450.26 488.328 467.578 435.462 

123.906 123.906 123.906 123.906 123.906 123.906 123.906 123.906 123.906 123.906 123.906 123.906 

0.191046 0.212911 0.137132 0.23291 0.225698 
0.341615 0.00935963 0.245335 0.131954 0.271383 
0.25464 0.220848 0.138966 0.12803 0.25724 
0.0746584 0.409293 0.143783 0.340722 0.031026 
0.275263 0.110936 0.370608 0.146262 0.0965571 
0.134216 0.337036 0.115826 0.207071 0.205457 
0.327962 0.32612 0.170742 0.0761291 0.0987077 
0.105336 0.330461 0.272103 0.0212462 0.270429 
0.250673 0.342588 0.116788 0.0419659 0.247627 
0.377938 0.0506659 0.352205 0.075832 0.142981 
0.191623 0.150802 0.24385 0.237273 0.176122 
0.125198 0.328899 0.192599 0.337651 0.0153062 

166.717 161.068 85.2966 80.7306 146.621 

3 3 3 3 3 

59.7412 26.7805 65.4654 26.5665 62.2877 

0 1 2 3 4 
5 6 7 8 9 10 11 
12 13 14 15 16 
17 18 
19 

0 1 2 3 4 
5 6 7 8 9 10 11 
12 13 14 15 16 
17 18 
19 

