12
20
7
7
11.1672 10.4567 7.14417 10.7306 11.0901 8.10264 8.73604 11.6909 9.43411 7.34658 11.7547 10.4746 9.06521 10.5171 8.0814 10.0318 7.72146 7.08324 6.52438 7.61633 

1.6877 2.43447 2.2499 2.47103 3.00051 3.57399 1.94836 1.91203 2.72227 2.56221 2.47481 2.54112 1.67751 1.71408 2.98235 3.21542 2.74683 3.02376 2.56336 1.85602 

25.9424 13.2112 21.7426 27.7602 11.8866 28.5229 10.6481 30.4791 19.8228 11.4664 12.8109 22.1457 22.9958 23.1114 23.3735 25.3508 13.2209 31.424 13.0105 15.7595 

1 1 1 1 1 1 1 1 1 1 1 1 1 1 1 1 1 1 1 1 

43.4293 14.205 38.8963 39.9369 19.1494 45.3702 44.5078 46.6498 30.7063 34.736 46.3028 25.5189 23.2458 42.5954 23.4078 39.7046 42.7045 35.0511 37.1616 26.6647 

62.4142 104.41 85.8244 92.8944 104.155 33.9675 67.3849 98.8087 43.2755 91.1814 74.1034 105.602 46.2777 102.081 40.123 44.2134 33.3062 57.1692 62.8969 48.69 

0.826136 0.56675 0.602143 0.966916 0.828307 0.746722 0.599059 0.602894 0.77678 0.556803 0.725992 0.709101 0.909989 0.659913 0.517678 0.957782 0.438234 0.894158 0.637014 0.577088 

487.273 420.049 447.869 428.256 448.404 464.282 471.999 453.421 488.036 443.225 455.628 470.696 

147.585 147.585 147.585 147.585 147.585 147.585 147.585 147.585 147.585 147.585 147.585 147.585 

0.0725492 0.230277 0.222024 0.0929897 0.101333 0.279936 0.000570302 
0.0391784 0.264496 0.0953898 0.157427 0.0714341 0.17603 0.195746 
0.244106 0.0837074 0.1025 0.398876 0.0213416 0.103371 0.0456081 
0.179529 0.145534 0.0454077 0.237294 0.0458166 0.203696 0.142481 
0.091238 0.173891 0.147741 0.102164 0.226816 0.171091 0.0868076 
0.0184768 0.321197 0.225774 0.0916873 0.25989 0.0666513 0.0159374 
0.0818239 0.0885579 0.206156 0.0543812 0.284046 0.018741 0.266007 
0.243953 0.0321133 0.224257 0.154604 0.0790404 0.235478 0.0302816 
0.233815 0.150294 0.0718998 0.23158 0.166682 0.0538905 0.091588 
0.121359 0.0978813 0.1213 0.232451 0.0460871 0.163861 0.216678 
0.2191 0.234178 0.264107 0.126077 0.0161611 0.0878654 0.052233 
0.244687 0.00649517 0.265744 0.00531265 0.123 0.14766 0.206829 

55.4549 60.0738 51.6799 134.499 111.874 122.656 122.818 

3 3 3 3 3 3 3 

22.1921 20.1138 68.3832 50.7423 66.8853 41.6954 30.2273 

0 1 
2 
3 4 5 
6 7 8 9 
10 11 12 13 14 
15 
16 17 18 19 

0 1 
2 
3 4 5 
6 7 8 9 
10 11 12 13 14 
15 
16 17 18 19 

