12
20
9
9
9.60911 8.35787 9.68535 7.1855 6.20004 11.2236 7.081 7.90826 10.4782 8.80785 10.697 9.2457 7.19838 8.85265 11.9657 7.07262 10.5695 9.07608 10.6493 6.42945 

2.08324 2.04044 2.80679 3.59896 2.93045 2.77905 1.88476 2.84058 3.0786 2.46554 1.80603 2.00708 1.93105 3.01179 3.16637 3.0151 2.22784 3.4143 2.78904 3.44256 

17.0531 18.6267 15.455 27.3346 27.9367 11.5306 27.1567 28.0335 26.2545 28.6044 8.86429 20.5746 27.6321 21.5664 22.0061 11.2207 31.2678 14.3692 11.5056 11.5963 

1 1 1 1 1 1 1 1 1 1 1 1 1 1 1 1 1 1 1 1 

23.6676 38.6075 39.0609 30.7085 15.2351 34.6521 37.5436 27.8907 27.1268 14.1263 28.2181 23.5363 15.304 25.6454 37.8714 19.5449 25.9955 41.1056 33.2855 31.493 

55.4643 24.2665 70.7894 91.7754 79.4077 72.9676 50.3744 29.6005 99.3646 78.5403 103.058 62.7877 26.2339 100.485 107.833 74.6553 93.0935 109.274 54.3523 84.3189 

0.891663 0.620367 0.710304 0.547928 0.466743 0.870541 0.887298 0.945018 0.533965 0.580974 0.621363 0.638985 0.909802 0.804813 0.493289 0.696713 0.590506 0.992938 0.834117 0.764358 

402.042 447.281 469.493 431.701 436.895 425.805 436.735 493.294 483.449 445.011 421.675 438.046 

113.225 113.225 113.225 113.225 113.225 113.225 113.225 113.225 113.225 113.225 113.225 113.225 

0.0216257 0.0965067 0.0950076 0.102901 0.0535115 0.226241 0.0791328 0.13466 0.190158 
0.12047 0.101852 0.0778694 0.16013 0.146671 0.174661 0.105218 0.0731919 0.0397517 
0.0405426 0.0745723 0.24 0.00556722 0.177178 0.0035679 0.0437069 0.0970312 0.317482 
0.116599 0.0577348 0.133617 0.108088 0.126938 0.0698529 0.143854 0.171539 0.0715658 
0.0594523 0.0436494 0.283396 0.103483 0.101966 0.0988269 0.0804554 0.139656 0.0888048 
0.0994103 0.00531432 0.133106 0.245152 0.116554 0.00133003 0.0196902 0.230321 0.148873 
0.203797 0.0321073 0.137004 0.171699 0.120162 0.210671 0.0545277 0.0659194 0.0039008 
0.182825 0.0438719 0.0635888 0.102283 0.083854 0.0879583 0.0861001 0.186214 0.16311 
0.0834211 0.0508786 0.186546 0.203416 0.0349536 0.0535721 0.204661 0.020227 0.162101 
0.115765 0.056852 0.00615869 0.104378 0.166715 0.16945 0.246724 0.00282378 0.130863 
0.112865 0.180457 0.189018 0.128216 0.169426 0.0129725 0.0208042 0.0401292 0.145898 
0.0423895 0.241931 0.12007 0.0334264 0.0195129 0.0491115 0.0713577 0.169171 0.25273 

99.8274 134.473 94.6638 50.0966 73.344 63.9486 116.537 66.6168 171.172 

3 3 3 3 3 3 3 3 3 

65.524 20.5811 32.2069 50.5028 40.5471 55.8878 71.8685 20.8086 51.1194 

0 1 
2 3 
4 5 
6 7 8 
9 
10 11 
12 13 
14 
15 16 17 18 19 

0 1 
2 3 
4 5 
6 7 8 
9 
10 11 
12 13 
14 
15 16 17 18 19 

