12
20
11
11
8.84761 6.69362 10.4067 8.70276 8.43619 8.56265 11.8539 10.5176 11.38 6.12826 9.31438 8.57739 8.7348 8.24737 6.77536 7.26331 11.0791 10.6828 11.6191 10.0086 

2.84899 3.49519 2.06217 1.87337 2.33574 2.72376 2.74525 1.60871 1.92074 2.90436 2.42572 2.26268 2.82171 2.50249 3.11611 2.23927 1.93294 2.40836 1.95508 2.72178 

13.2298 14.0747 29.2698 11.1076 12.4472 13.0963 8.43071 17.4782 11.3717 13.6183 22.2182 16.0128 14.9497 16.4433 31.9421 27.8667 10.3969 6.91691 16.774 14.9229 

1 1 1 1 1 1 1 1 1 1 1 1 1 1 1 1 1 1 1 1 

34.5087 40.971 22.906 42.6755 37.2461 23.4608 29.0823 40.6775 35.6839 27.369 14.7953 43.2164 16.206 28.5406 20.0676 34.8353 44.1988 17.9227 15.7411 41.0422 

50.2979 85.5523 98.9946 90.8846 64.4573 87.6504 76.4214 68.7692 62.7058 108.23 59.706 48.3502 85.7085 85.1822 99.4312 43.1208 51.3069 38.1151 52.991 36.9773 

0.54118 0.685466 0.714503 0.456406 0.553612 0.814718 0.886531 0.949694 0.630027 0.592472 0.937935 0.644428 0.497603 0.486236 0.964218 0.89648 0.405159 0.516932 0.839563 0.612426 

433.193 404.717 477.551 445.264 451.277 401.225 465.687 469.172 405.218 487.762 403.623 431.45 

67.7767 67.7767 67.7767 67.7767 67.7767 67.7767 67.7767 67.7767 67.7767 67.7767 67.7767 67.7767 

0.0869671 0.0342899 0.131986 0.0883026 0.0752017 0.0978901 0.151076 0.0805959 0.130735 0.0144869 0.108313 
0.00986488 0.163512 0.00807957 0.0784774 0.0943413 0.0724058 0.179367 0.00906107 0.115192 0.150261 0.119244 
0.181347 0.206332 0.0397886 0.0724791 0.15157 0.0509097 0.0432993 0.163571 0.0140648 0.0531288 0.0232744 
0.039152 0.175456 0.119616 0.0221959 0.0559456 0.0661495 0.184745 0.000966333 0.0364106 0.22494 0.0741842 
0.0837489 0.115661 0.0909901 0.0537625 0.0964229 0.0103134 0.124195 0.120652 0.118893 0.0508268 0.134387 
0.128316 0.153981 0.176392 0.0516901 0.0273692 0.0800499 0.133175 0.139724 0.0374821 0.0575092 0.0141144 
0.110101 0.0410532 0.123423 0.083494 0.05198 0.125628 0.0065681 0.16879 0.0857976 0.167144 0.0358408 
0.107543 0.160605 0.0797611 0.154179 0.0276933 0.0185795 0.135176 0.136756 0.0592454 0.0791275 0.0411556 
0.176688 0.0780617 0.0592953 0.0475523 0.0834717 0.0018455 0.153013 0.00951246 0.169703 0.0500171 0.170654 
0.148707 0.0256919 0.0129876 0.0631729 0.154165 0.0250657 0.0154715 0.142154 0.12202 0.0891174 0.201215 
0.047197 0.0637476 0.174732 0.105469 0.0434379 0.153189 0.022181 0.156537 0.172729 0.0320587 0.028546 
0.164971 0.148778 0.0241402 0.08162 0.193107 0.0319987 0.0237765 0.0343713 0.110538 0.0221696 0.164313 

129.811 168.66 149.926 169.633 116.879 136.535 117.473 53.59 94.3296 107.141 62.7804 

3 3 3 3 3 3 3 3 3 3 3 

57.8832 36.9625 51.6567 48.5602 68.753 42.9805 67.197 53.8449 67.4821 45.2689 21.9207 

0 
1 2 3 
4 5 
6 7 
8 
9 10 11 12 
13 14 15 
16 
17 
18 
19 

0 
1 2 3 
4 5 
6 7 
8 
9 10 11 12 
13 14 15 
16 
17 
18 
19 

