12
20
11
11
6.63064 8.62491 11.4687 8.25003 9.39981 8.23049 6.52189 9.41655 8.63319 10.8826 11.9296 9.62793 7.60669 7.769 9.14324 6.39035 7.08746 6.11238 8.7285 11.2416 

2.56628 2.86247 2.96349 3.57159 3.56134 1.81375 1.60763 2.13411 2.02937 3.09322 1.6705 2.40141 2.00399 2.19178 2.0188 2.85813 2.14021 3.11645 2.6119 2.12054 

11.2035 25.261 26.2048 17.9683 18.1333 12.5145 18.9903 23.8102 14.7017 25.6936 19.8308 13.8674 7.2772 30.9592 30.7704 8.82113 10.5651 20.7799 30.1157 10.2061 

1 1 1 1 1 1 1 1 1 1 1 1 1 1 1 1 1 1 1 1 

42.7261 15.4169 20.5745 32.2775 24.4618 27.7873 37.104 25.7888 46.4677 18.9931 34.9657 43.1745 44.8842 23.3877 32.5075 37.13 41.7869 22.2422 19.6243 21.9915 

51.4694 48.9348 81.7891 29.8059 87.2948 57.9583 73.5674 62.5921 84.3536 108.639 52.0402 27.1461 70.4696 65.2543 80.6307 108.184 85.7484 43.9681 43.8963 55.8418 

0.568551 0.495085 0.454942 0.870139 0.626374 0.543088 0.888225 0.853054 0.699907 0.725917 0.835646 0.923432 0.729952 0.811304 0.598634 0.533037 0.887681 0.740606 0.492046 0.703421 

465.116 425.803 427.607 479.276 499.506 439.051 491.468 407.998 486.611 477.086 419.225 401.698 

105.361 105.361 105.361 105.361 105.361 105.361 105.361 105.361 105.361 105.361 105.361 105.361 

0.116919 0.107442 0.0918741 0.0740785 0.133339 0.0961604 0.0187489 0.0326094 0.164603 0.0752399 0.0887576 
0.103899 0.0752634 0.111776 0.0291269 0.138912 0.0590068 0.131781 0.0649254 0.130026 0.0412408 0.113891 
0.0764773 0.0896617 0.110445 0.109843 0.111691 0.153805 0.00193752 0.0590676 0.069371 0.126109 0.0914243 
0.171228 0.0842438 0.132719 0.139561 0.16851 0.00870773 0.0812304 0.0751675 0.100108 0.0225154 0.015838 
0.0112502 0.0766398 0.110106 0.0722405 0.0813736 0.0737919 0.161899 0.0812972 0.159966 0.122432 0.0488283 
0.0585294 0.0323145 0.0680052 0.158388 0.130594 0.0671246 0.0241929 0.142047 0.145141 0.136276 0.0372092 
0.135435 0.088935 0.105222 0.0517713 0.121732 0.17501 0.120802 0.00166295 0.0286776 0.0102268 0.160346 
0.0698148 0.0180821 0.107171 0.0149085 0.0980858 0.0864871 0.174382 0.0393824 0.207136 0.0746932 0.109615 
0.155405 0.0656164 0.0425616 0.160447 0.110429 0.0559704 0.137194 0.158708 0.0684746 0.043657 0.00136919 
0.209359 0.0234477 0.0758071 0.0988074 0.0296448 0.047611 0.156066 0.0142657 0.130033 0.209528 0.00521962 
0.19701 0.0412021 0.0655099 0.10521 0.155273 0.0181602 0.0517098 0.154069 0.0411684 0.126096 0.0443851 
0.0600199 0.185208 0.0326149 0.0464657 0.0303838 0.0953818 0.0445232 0.0151707 0.16048 0.148027 0.181399 

63.2376 103.379 73.8666 99.765 120.205 132.854 57.9469 154.518 106.222 132.075 153.863 

3 3 3 3 3 3 3 3 3 3 3 

53.4453 65.4699 52.0326 15.201 62.9845 16.575 45.1973 52.4926 62.901 68.0501 69.7697 

0 1 2 3 4 5 
6 
7 8 
9 
10 
11 
12 13 
14 
15 16 
17 18 
19 

0 1 2 3 4 5 
6 
7 8 
9 
10 
11 
12 13 
14 
15 16 
17 18 
19 

