12
20
11
11
10.4278 8.50317 10.455 7.41348 9.18242 11.6318 10.0938 10.412 11.7065 7.60346 10.0937 8.57245 8.2151 9.2804 9.55675 8.30001 6.36831 10.6743 7.70796 11.6823 

2.39209 2.82252 2.18909 2.40722 2.52835 2.14074 3.45188 1.7141 3.06593 2.46417 3.59578 3.38659 3.15207 2.94766 2.64559 2.08368 3.33036 2.81553 1.68447 2.4915 

8.66846 24.6795 16.9548 14.961 15.2726 8.31791 9.59862 9.26852 17.4593 12.4775 23.2674 12.7186 26.3376 25.3596 25.0226 30.9052 23.8663 29.579 24.9515 23.9295 

1 1 1 1 1 1 1 1 1 1 1 1 1 1 1 1 1 1 1 1 

20.019 24.3258 29.861 29.3343 30.4898 28.3665 45.4628 20.3463 15.8633 41.8387 25.0728 26.8029 40.2335 28.5119 44.3913 43.8296 47.3102 20.7311 32.0038 38.8036 

24.5852 36.1108 109.989 34.2566 51.1445 56.4289 51.5256 65.1042 109.726 88.6801 55.0229 78.1692 32.5318 74.5536 65.3785 47.4683 31.7073 89.1633 84.2055 90.2217 

0.985678 0.579976 0.517246 0.617858 0.737687 0.706591 0.830572 0.629037 0.606571 0.916949 0.861693 0.605183 0.657082 0.921234 0.992408 0.45689 0.924668 0.59301 0.701421 0.443408 

463.914 421.247 421.678 406.858 468.2 425.39 436.132 457.318 402.28 436.485 486.941 452.979 

85.7435 85.7435 85.7435 85.7435 85.7435 85.7435 85.7435 85.7435 85.7435 85.7435 85.7435 85.7435 

0.114298 0.112875 0.155794 0.0914028 0.0265402 0.115503 0.0198753 0.00705373 0.153657 0.0568326 0.145986 
0.0511871 0.159759 0.0182049 0.0634364 0.124624 0.126421 0.0209558 0.0614325 0.0619078 0.165605 0.146297 
0.0914968 0.121238 0.0757469 0.0354045 0.0363843 0.110232 0.0895447 0.0854542 0.101073 0.106997 0.146267 
0.0419566 0.157541 0.0539417 0.141855 0.117388 0.103655 0.073047 0.0173355 0.0456223 0.18007 0.0673585 
0.120377 0.154203 0.0788324 0.049837 0.127437 0.0897953 0.024806 0.156681 0.0397582 0.0624042 0.0957101 
0.0581044 0.15356 0.0856833 0.0308178 0.190302 0.0158969 0.00419343 0.136113 0.00814912 0.112425 0.204536 
0.0110042 0.183594 0.0444586 0.00551814 0.0533104 0.10091 0.112226 0.112177 0.0341489 0.199033 0.143399 
0.0112558 0.110202 0.0768334 0.0667514 0.0967034 0.13748 0.0723107 0.105011 0.108233 0.105874 0.109177 
0.0826062 0.150558 0.0218256 0.0232468 0.0900721 0.121945 0.047311 0.101786 0.0619547 0.127269 0.171251 
0.112586 0.140368 0.0968771 0.0446739 0.117853 0.102007 0.0164448 0.224265 0.0709414 0.0445601 0.0291989 
0.139339 0.139559 0.143594 0.0452844 0.06086 0.0499446 0.106107 0.134635 0.141924 0.0221428 0.0164637 
0.0975184 0.124463 0.143365 0.0634531 0.0786508 0.12052 0.0367329 0.069033 0.111164 0.0321638 0.122762 

128.539 153.543 59.6048 104.991 119.171 54.9413 124.82 66.561 94.8774 136.683 153.539 

3 3 3 3 3 3 3 3 3 3 3 

34.598 53.9748 30.0103 54.441 70.1106 61.3119 28.0386 61.1446 19.5418 64.6359 30.6378 

0 1 
2 3 
4 5 
6 
7 8 9 10 
11 
12 
13 
14 
15 
16 17 18 19 

0 1 
2 3 
4 5 
6 
7 8 9 10 
11 
12 
13 
14 
15 
16 17 18 19 

